// 範圍設定檔
// 中心位置是：
// size為奇數, cx = size/2 + 1
// size為偶數, cx = size/2

#include RANGETABLE.H

[range]
code = range_A101
size = 3
data = 0,1,0
data = 1,1,1
data = 0,1,0

[range]
code = range_A102
size = 5
data = 0,0,1,0,0
data = 0,1,1,1,0
data = 1,1,1,1,1
data = 0,1,1,1,0
data = 0,0,1,0,0

[range]
code = range_A103
size = 7
data = 0,0,0,1,0,0,0
data = 0,0,1,1,1,0,0
data = 0,1,1,1,1,1,0
data = 1,1,1,1,1,1,1
data = 0,1,1,1,1,1,0
data = 0,0,1,1,1,0,0
data = 0,0,0,1,0,0,0

[range]
code = range_A104
size = 9
data = 0,0,0,0,1,0,0,0,0
data = 0,0,0,1,1,1,0,0,0
data = 0,0,1,1,1,1,1,0,0
data = 0,1,1,1,1,1,1,1,0
data = 1,1,1,1,1,1,1,1,1
data = 0,1,1,1,1,1,1,1,0
data = 0,0,1,1,1,1,1,0,0
data = 0,0,0,1,1,1,0,0,0
data = 0,0,0,0,1,0,0,0,0

[range]
code = range_A105
size = 11
data = 0,0,0,0,0,1,0,0,0,0,0
data = 0,0,0,0,1,1,1,0,0,0,0
data = 0,0,0,1,1,1,1,1,0,0,0
data = 0,0,1,1,1,1,1,1,1,0,0
data = 0,1,1,1,1,1,1,1,1,1,0
data = 1,1,1,1,1,1,1,1,1,1,1
data = 0,1,1,1,1,1,1,1,1,1,0
data = 0,0,1,1,1,1,1,1,1,0,0
data = 0,0,0,1,1,1,1,1,0,0,0
data = 0,0,0,0,1,1,1,0,0,0,0
data = 0,0,0,0,0,1,0,0,0,0,0

[range]
code = range_A106
size = 13
data = 0,0,0,0,0,0,1,0,0,0,0,0,0
data = 0,0,0,0,0,1,1,1,0,0,0,0,0
data = 0,0,0,0,1,1,1,1,1,0,0,0,0
data = 0,0,0,1,1,1,1,1,1,1,0,0,0
data = 0,0,1,1,1,1,1,1,1,1,1,0,0
data = 0,1,1,1,1,1,1,1,1,1,1,1,0
data = 1,1,1,1,1,1,1,1,1,1,1,1,1
data = 0,1,1,1,1,1,1,1,1,1,1,1,0
data = 0,0,1,1,1,1,1,1,1,1,1,0,0
data = 0,0,0,1,1,1,1,1,1,1,0,0,0
data = 0,0,0,0,1,1,1,1,1,0,0,0,0
data = 0,0,0,0,0,1,1,1,0,0,0,0,0
data = 0,0,0,0,0,0,1,0,0,0,0,0,0

[range]
code = range_A107
size = 15
data = 0,0,0,0,0,0,0,1,0,0,0,0,0,0,0
data = 0,0,0,0,0,0,1,1,1,0,0,0,0,0,0
data = 0,0,0,0,0,1,1,1,1,1,0,0,0,0,0
data = 0,0,0,0,1,1,1,1,1,1,1,0,0,0,0
data = 0,0,0,1,1,1,1,1,1,1,1,1,0,0,0
data = 0,0,1,1,1,1,1,1,1,1,1,1,1,0,0
data = 0,1,1,1,1,1,1,1,1,1,1,1,1,1,0
data = 1,1,1,1,1,1,1,1,1,1,1,1,1,1,1
data = 0,1,1,1,1,1,1,1,1,1,1,1,1,1,0
data = 0,0,1,1,1,1,1,1,1,1,1,1,1,0,0
data = 0,0,0,1,1,1,1,1,1,1,1,1,0,0,0
data = 0,0,0,0,1,1,1,1,1,1,1,0,0,0,0
data = 0,0,0,0,0,1,1,1,1,1,0,0,0,0,0
data = 0,0,0,0,0,0,1,1,1,0,0,0,0,0,0
data = 0,0,0,0,0,0,0,1,0,0,0,0,0,0,0

[range]
code = range_A108
size = 17
data = 0,0,0,0,0,0,0,0,1,0,0,0,0,0,0,0,0
data = 0,0,0,0,0,0,0,1,1,1,0,0,0,0,0,0,0
data = 0,0,0,0,0,0,1,1,1,1,1,0,0,0,0,0,0
data = 0,0,0,0,0,1,1,1,1,1,1,1,0,0,0,0,0
data = 0,0,0,0,1,1,1,1,1,1,1,1,1,0,0,0,0
data = 0,0,0,1,1,1,1,1,1,1,1,1,1,1,0,0,0
data = 0,0,1,1,1,1,1,1,1,1,1,1,1,1,1,0,0
data = 0,1,1,1,1,1,1,1,1,1,1,1,1,1,1,1,0
data = 1,1,1,1,1,1,1,1,1,1,1,1,1,1,1,1,1
data = 0,1,1,1,1,1,1,1,1,1,1,1,1,1,1,1,0
data = 0,0,1,1,1,1,1,1,1,1,1,1,1,1,1,0,0
data = 0,0,0,1,1,1,1,1,1,1,1,1,1,1,0,0,0
data = 0,0,0,0,1,1,1,1,1,1,1,1,1,0,0,0,0
data = 0,0,0,0,0,1,1,1,1,1,1,1,0,0,0,0,0
data = 0,0,0,0,0,0,1,1,1,1,1,0,0,0,0,0,0
data = 0,0,0,0,0,0,0,1,1,1,0,0,0,0,0,0,0
data = 0,0,0,0,0,0,0,0,1,0,0,0,0,0,0,0,0

[range]
code = range_A109
size = 19
data = 0,0,0,0,0,0,0,0,0,1,0,0,0,0,0,0,0,0,0
data = 0,0,0,0,0,0,0,0,1,1,1,0,0,0,0,0,0,0,0
data = 0,0,0,0,0,0,0,1,1,1,1,1,0,0,0,0,0,0,0
data = 0,0,0,0,0,0,1,1,1,1,1,1,1,0,0,0,0,0,0
data = 0,0,0,0,0,1,1,1,1,1,1,1,1,1,0,0,0,0,0
data = 0,0,0,0,1,1,1,1,1,1,1,1,1,1,1,0,0,0,0
data = 0,0,0,1,1,1,1,1,1,1,1,1,1,1,1,1,0,0,0
data = 0,0,1,1,1,1,1,1,1,1,1,1,1,1,1,1,1,0,0
data = 0,1,1,1,1,1,1,1,1,1,1,1,1,1,1,1,1,1,0
data = 1,1,1,1,1,1,1,1,1,1,1,1,1,1,1,1,1,1,1
data = 0,1,1,1,1,1,1,1,1,1,1,1,1,1,1,1,1,1,0
data = 0,0,1,1,1,1,1,1,1,1,1,1,1,1,1,1,1,0,0
data = 0,0,0,1,1,1,1,1,1,1,1,1,1,1,1,1,0,0,0
data = 0,0,0,0,1,1,1,1,1,1,1,1,1,1,1,0,0,0,0
data = 0,0,0,0,0,1,1,1,1,1,1,1,1,1,0,0,0,0,0
data = 0,0,0,0,0,0,1,1,1,1,1,1,1,0,0,0,0,0,0
data = 0,0,0,0,0,0,0,1,1,1,1,1,0,0,0,0,0,0,0
data = 0,0,0,0,0,0,0,0,1,1,1,0,0,0,0,0,0,0,0
data = 0,0,0,0,0,0,0,0,0,1,0,0,0,0,0,0,0,0,0

[range]
code = range_A110
size = 21
data = 0,0,0,0,0,0,0,0,0,0,1,0,0,0,0,0,0,0,0,0,0
data = 0,0,0,0,0,0,0,0,0,1,1,1,0,0,0,0,0,0,0,0,0
data = 0,0,0,0,0,0,0,0,1,1,1,1,1,0,0,0,0,0,0,0,0
data = 0,0,0,0,0,0,0,1,1,1,1,1,1,1,0,0,0,0,0,0,0
data = 0,0,0,0,0,0,1,1,1,1,1,1,1,1,1,0,0,0,0,0,0
data = 0,0,0,0,0,1,1,1,1,1,1,1,1,1,1,1,0,0,0,0,0
data = 0,0,0,0,1,1,1,1,1,1,1,1,1,1,1,1,1,0,0,0,0
data = 0,0,0,1,1,1,1,1,1,1,1,1,1,1,1,1,1,1,0,0,0
data = 0,0,1,1,1,1,1,1,1,1,1,1,1,1,1,1,1,1,1,0,0
data = 0,1,1,1,1,1,1,1,1,1,1,1,1,1,1,1,1,1,1,1,0
data = 1,1,1,1,1,1,1,1,1,1,1,1,1,1,1,1,1,1,1,1,1
data = 0,1,1,1,1,1,1,1,1,1,1,1,1,1,1,1,1,1,1,1,0
data = 0,0,1,1,1,1,1,1,1,1,1,1,1,1,1,1,1,1,1,0,0
data = 0,0,0,1,1,1,1,1,1,1,1,1,1,1,1,1,1,1,0,0,0
data = 0,0,0,0,1,1,1,1,1,1,1,1,1,1,1,1,1,0,0,0,0
data = 0,0,0,0,0,1,1,1,1,1,1,1,1,1,1,1,0,0,0,0,0
data = 0,0,0,0,0,0,1,1,1,1,1,1,1,1,1,0,0,0,0,0,0
data = 0,0,0,0,0,0,0,1,1,1,1,1,1,1,0,0,0,0,0,0,0
data = 0,0,0,0,0,0,0,0,1,1,1,1,1,0,0,0,0,0,0,0,0
data = 0,0,0,0,0,0,0,0,0,1,1,1,0,0,0,0,0,0,0,0,0
data = 0,0,0,0,0,0,0,0,0,0,1,0,0,0,0,0,0,0,0,0,0

[range]
code = range_A201
size = 4
data = 0,1,1,0
data = 1,1,1,1
data = 0,1,1,0
data = 0,0,0,0

[range]
code = range_A202
size = 6
data = 0,0,1,1,0,0
data = 0,1,1,1,1,0
data = 1,1,1,1,1,1
data = 0,1,1,1,1,0
data = 0,0,1,1,0,0
data = 0,0,0,0,0,0

[range]
code = range_A203
size = 8
data = 0,0,0,1,1,0,0,0
data = 0,0,1,1,1,1,0,0
data = 0,1,1,1,1,1,1,0
data = 1,1,1,1,1,1,1,1
data = 0,1,1,1,1,1,1,0
data = 0,0,1,1,1,1,0,0
data = 0,0,0,1,1,0,0,0
data = 0,0,0,0,0,0,0,0

[range]
code = range_A204
size = 10
data = 0,0,0,0,1,1,0,0,0,0
data = 0,0,0,1,1,1,1,0,0,0
data = 0,0,1,1,1,1,1,1,0,0
data = 0,1,1,1,1,1,1,1,1,0
data = 1,1,1,1,1,1,1,1,1,1
data = 0,1,1,1,1,1,1,1,1,0
data = 0,0,1,1,1,1,1,1,0,0
data = 0,0,0,1,1,1,1,0,0,0
data = 0,0,0,0,1,1,0,0,0,0
data = 0,0,0,0,0,0,0,0,0,0

[range]
code = range_A205
size = 12
data = 0,0,0,0,0,1,1,0,0,0,0,0
data = 0,0,0,0,1,1,1,1,0,0,0,0
data = 0,0,0,1,1,1,1,1,1,0,0,0
data = 0,0,1,1,1,1,1,1,1,1,0,0
data = 0,1,1,1,1,1,1,1,1,1,1,0
data = 1,1,1,1,1,1,1,1,1,1,1,1
data = 0,1,1,1,1,1,1,1,1,1,1,0
data = 0,0,1,1,1,1,1,1,1,1,0,0
data = 0,0,0,1,1,1,1,1,1,0,0,0
data = 0,0,0,0,1,1,1,1,0,0,0,0
data = 0,0,0,0,0,1,1,0,0,0,0,0
data = 0,0,0,0,0,0,0,0,0,0,0,0

[range]
code = range_A206
size = 14
data = 0,0,0,0,0,0,1,1,0,0,0,0,0,0
data = 0,0,0,0,0,1,1,1,1,0,0,0,0,0
data = 0,0,0,0,1,1,1,1,1,1,0,0,0,0
data = 0,0,0,1,1,1,1,1,1,1,1,0,0,0
data = 0,0,1,1,1,1,1,1,1,1,1,1,0,0
data = 0,1,1,1,1,1,1,1,1,1,1,1,1,0
data = 1,1,1,1,1,1,1,1,1,1,1,1,1,1
data = 0,1,1,1,1,1,1,1,1,1,1,1,1,0
data = 0,0,1,1,1,1,1,1,1,1,1,1,0,0
data = 0,0,0,1,1,1,1,1,1,1,1,0,0,0
data = 0,0,0,0,1,1,1,1,1,1,0,0,0,0
data = 0,0,0,0,0,1,1,1,1,0,0,0,0,0
data = 0,0,0,0,0,0,1,1,0,0,0,0,0,0
data = 0,0,0,0,0,0,0,0,0,0,0,0,0,0

[range]
code = range_A207
size = 16
data = 0,0,0,0,0,0,0,1,1,0,0,0,0,0,0,0
data = 0,0,0,0,0,0,1,1,1,1,0,0,0,0,0,0
data = 0,0,0,0,0,1,1,1,1,1,1,0,0,0,0,0
data = 0,0,0,0,1,1,1,1,1,1,1,1,0,0,0,0
data = 0,0,0,1,1,1,1,1,1,1,1,1,1,0,0,0
data = 0,0,1,1,1,1,1,1,1,1,1,1,1,1,0,0
data = 0,1,1,1,1,1,1,1,1,1,1,1,1,1,1,0
data = 1,1,1,1,1,1,1,1,1,1,1,1,1,1,1,1
data = 0,1,1,1,1,1,1,1,1,1,1,1,1,1,1,0
data = 0,0,1,1,1,1,1,1,1,1,1,1,1,1,0,0
data = 0,0,0,1,1,1,1,1,1,1,1,1,1,0,0,0
data = 0,0,0,0,1,1,1,1,1,1,1,1,0,0,0,0
data = 0,0,0,0,0,1,1,1,1,1,1,0,0,0,0,0
data = 0,0,0,0,0,0,1,1,1,1,0,0,0,0,0,0
data = 0,0,0,0,0,0,0,1,1,0,0,0,0,0,0,0
data = 0,0,0,0,0,0,0,0,0,0,0,0,0,0,0,0

[range]
code = range_A208
size = 18
data = 0,0,0,0,0,0,0,0,1,1,0,0,0,0,0,0,0,0
data = 0,0,0,0,0,0,0,1,1,1,1,0,0,0,0,0,0,0
data = 0,0,0,0,0,0,1,1,1,1,1,1,0,0,0,0,0,0
data = 0,0,0,0,0,1,1,1,1,1,1,1,1,0,0,0,0,0
data = 0,0,0,0,1,1,1,1,1,1,1,1,1,1,0,0,0,0
data = 0,0,0,1,1,1,1,1,1,1,1,1,1,1,1,0,0,0
data = 0,0,1,1,1,1,1,1,1,1,1,1,1,1,1,1,0,0
data = 0,1,1,1,1,1,1,1,1,1,1,1,1,1,1,1,1,0
data = 1,1,1,1,1,1,1,1,1,1,1,1,1,1,1,1,1,1
data = 0,1,1,1,1,1,1,1,1,1,1,1,1,1,1,1,1,0
data = 0,0,1,1,1,1,1,1,1,1,1,1,1,1,1,1,0,0
data = 0,0,0,1,1,1,1,1,1,1,1,1,1,1,1,0,0,0
data = 0,0,0,0,1,1,1,1,1,1,1,1,1,1,0,0,0,0
data = 0,0,0,0,0,1,1,1,1,1,1,1,1,0,0,0,0,0
data = 0,0,0,0,0,0,1,1,1,1,1,1,0,0,0,0,0,0
data = 0,0,0,0,0,0,0,1,1,1,1,0,0,0,0,0,0,0
data = 0,0,0,0,0,0,0,0,1,1,0,0,0,0,0,0,0,0
data = 0,0,0,0,0,0,0,0,0,0,0,0,0,0,0,0,0,0

[range]
code = range_A209
size = 20
data = 0,0,0,0,0,0,0,0,0,1,1,0,0,0,0,0,0,0,0,0
data = 0,0,0,0,0,0,0,0,1,1,1,1,0,0,0,0,0,0,0,0
data = 0,0,0,0,0,0,0,1,1,1,1,1,1,0,0,0,0,0,0,0
data = 0,0,0,0,0,0,1,1,1,1,1,1,1,1,0,0,0,0,0,0
data = 0,0,0,0,0,1,1,1,1,1,1,1,1,1,1,0,0,0,0,0
data = 0,0,0,0,1,1,1,1,1,1,1,1,1,1,1,1,0,0,0,0
data = 0,0,0,1,1,1,1,1,1,1,1,1,1,1,1,1,1,0,0,0
data = 0,0,1,1,1,1,1,1,1,1,1,1,1,1,1,1,1,1,0,0
data = 0,1,1,1,1,1,1,1,1,1,1,1,1,1,1,1,1,1,1,0
data = 1,1,1,1,1,1,1,1,1,1,1,1,1,1,1,1,1,1,1,1
data = 0,1,1,1,1,1,1,1,1,1,1,1,1,1,1,1,1,1,1,0
data = 0,0,1,1,1,1,1,1,1,1,1,1,1,1,1,1,1,1,0,0
data = 0,0,0,1,1,1,1,1,1,1,1,1,1,1,1,1,1,0,0,0
data = 0,0,0,0,1,1,1,1,1,1,1,1,1,1,1,1,0,0,0,0
data = 0,0,0,0,0,1,1,1,1,1,1,1,1,1,1,0,0,0,0,0
data = 0,0,0,0,0,0,1,1,1,1,1,1,1,1,0,0,0,0,0,0
data = 0,0,0,0,0,0,0,1,1,1,1,1,1,0,0,0,0,0,0,0
data = 0,0,0,0,0,0,0,0,1,1,1,1,0,0,0,0,0,0,0,0
data = 0,0,0,0,0,0,0,0,0,1,1,0,0,0,0,0,0,0,0,0
data = 0,0,0,0,0,0,0,0,0,0,0,0,0,0,0,0,0,0,0,0

[range]
code = range_A210
size = 22
data = 0,0,0,0,0,0,0,0,0,0,1,1,0,0,0,0,0,0,0,0,0,0
data = 0,0,0,0,0,0,0,0,0,1,1,1,1,0,0,0,0,0,0,0,0,0
data = 0,0,0,0,0,0,0,0,1,1,1,1,1,1,0,0,0,0,0,0,0,0
data = 0,0,0,0,0,0,0,1,1,1,1,1,1,1,1,0,0,0,0,0,0,0
data = 0,0,0,0,0,0,1,1,1,1,1,1,1,1,1,1,0,0,0,0,0,0
data = 0,0,0,0,0,1,1,1,1,1,1,1,1,1,1,1,1,0,0,0,0,0
data = 0,0,0,0,1,1,1,1,1,1,1,1,1,1,1,1,1,1,0,0,0,0
data = 0,0,0,1,1,1,1,1,1,1,1,1,1,1,1,1,1,1,1,0,0,0
data = 0,0,1,1,1,1,1,1,1,1,1,1,1,1,1,1,1,1,1,1,0,0
data = 0,1,1,1,1,1,1,1,1,1,1,1,1,1,1,1,1,1,1,1,1,0
data = 1,1,1,1,1,1,1,1,1,1,1,1,1,1,1,1,1,1,1,1,1,1
data = 0,1,1,1,1,1,1,1,1,1,1,1,1,1,1,1,1,1,1,1,1,0
data = 0,0,1,1,1,1,1,1,1,1,1,1,1,1,1,1,1,1,1,1,0,0
data = 0,0,0,1,1,1,1,1,1,1,1,1,1,1,1,1,1,1,1,0,0,0
data = 0,0,0,0,1,1,1,1,1,1,1,1,1,1,1,1,1,1,0,0,0,0
data = 0,0,0,0,0,1,1,1,1,1,1,1,1,1,1,1,1,0,0,0,0,0
data = 0,0,0,0,0,0,1,1,1,1,1,1,1,1,1,1,0,0,0,0,0,0
data = 0,0,0,0,0,0,0,1,1,1,1,1,1,1,1,0,0,0,0,0,0,0
data = 0,0,0,0,0,0,0,0,1,1,1,1,1,1,0,0,0,0,0,0,0,0
data = 0,0,0,0,0,0,0,0,0,1,1,1,1,0,0,0,0,0,0,0,0,0
data = 0,0,0,0,0,0,0,0,0,0,1,1,0,0,0,0,0,0,0,0,0,0
data = 0,0,0,0,0,0,0,0,0,0,0,0,0,0,0,0,0,0,0,0,0,0

[range]
code = range_B101
size = 3
data = 1,1,1
data = 1,1,1
data = 1,1,1

[range]
code = range_B102
size = 5
data = 0,0,0,0,0
data = 1,1,1,1,1
data = 1,1,1,1,1
data = 1,1,1,1,1
data = 0,0,0,0,0

[range]
code = range_B103
size = 7
data = 0,0,0,0,0,0,0
data = 0,0,0,0,0,0,0
data = 1,1,1,1,1,1,1
data = 1,1,1,1,1,1,1
data = 1,1,1,1,1,1,1
data = 0,0,0,0,0,0,0
data = 0,0,0,0,0,0,0

[range]
code = range_B104
size = 9
data = 0,0,0,0,0,0,0,0,0
data = 0,0,0,0,0,0,0,0,0
data = 0,0,0,0,0,0,0,0,0
data = 1,1,1,1,1,1,1,1,1
data = 1,1,1,1,1,1,1,1,1
data = 1,1,1,1,1,1,1,1,1
data = 0,0,0,0,0,0,0,0,0
data = 0,0,0,0,0,0,0,0,0
data = 0,0,0,0,0,0,0,0,0

[range]
code = range_B105
size = 11
data = 0,0,0,0,0,0,0,0,0,0,0
data = 0,0,0,0,0,0,0,0,0,0,0
data = 0,0,0,0,0,0,0,0,0,0,0
data = 0,0,0,0,0,0,0,0,0,0,0
data = 1,1,1,1,1,1,1,1,1,1,1
data = 1,1,1,1,1,1,1,1,1,1,1
data = 1,1,1,1,1,1,1,1,1,1,1
data = 0,0,0,0,0,0,0,0,0,0,0
data = 0,0,0,0,0,0,0,0,0,0,0
data = 0,0,0,0,0,0,0,0,0,0,0
data = 0,0,0,0,0,0,0,0,0,0,0

[range]
code = range_B201
size = 4
data = 1,1,1,1
data = 1,1,1,1
data = 1,1,1,1
data = 0,0,0,0

[range]
code = range_B202
size = 6
data = 0,0,0,0,0,0
data = 1,1,1,1,1,1
data = 1,1,1,1,1,1
data = 1,1,1,1,1,1
data = 0,0,0,0,0,0
data = 0,0,0,0,0,0

[range]
code = range_B203
size = 8
data = 0,0,0,0,0,0,0,0
data = 0,0,0,0,0,0,0,0
data = 1,1,1,1,1,1,1,1
data = 1,1,1,1,1,1,1,1
data = 1,1,1,1,1,1,1,1
data = 0,0,0,0,0,0,0,0
data = 0,0,0,0,0,0,0,0
data = 0,0,0,0,0,0,0,0

[range]
code = range_B204
size = 10
data = 0,0,0,0,0,0,0,0,0,0
data = 0,0,0,0,0,0,0,0,0,0
data = 0,0,0,0,0,0,0,0,0,0
data = 1,1,1,1,1,1,1,1,1,1
data = 1,1,1,1,1,1,1,1,1,1
data = 1,1,1,1,1,1,1,1,1,1
data = 0,0,0,0,0,0,0,0,0,0
data = 0,0,0,0,0,0,0,0,0,0
data = 0,0,0,0,0,0,0,0,0,0
data = 0,0,0,0,0,0,0,0,0,0

[range]
code = range_B204
size = 12
data = 0,0,0,0,0,0,0,0,0,0,0,0
data = 0,0,0,0,0,0,0,0,0,0,0,0
data = 0,0,0,0,0,0,0,0,0,0,0,0
data = 0,0,0,0,0,0,0,0,0,0,0,0
data = 1,1,1,1,1,1,1,1,1,1,1,1
data = 1,1,1,1,1,1,1,1,1,1,1,1
data = 1,1,1,1,1,1,1,1,1,1,1,1
data = 0,0,0,0,0,0,0,0,0,0,0,0
data = 0,0,0,0,0,0,0,0,0,0,0,0
data = 0,0,0,0,0,0,0,0,0,0,0,0
data = 0,0,0,0,0,0,0,0,0,0,0,0
data = 0,0,0,0,0,0,0,0,0,0,0,0

[range]
code = range_C101
size = 7
data = 0,0,0,0,0,0,0
data = 0,0,0,0,0,0,0
data = 0,1,1,0,1,1,0
data = 1,1,1,1,1,1,1
data = 0,1,1,0,1,1,0
data = 0,0,0,0,0,0,0
data = 0,0,0,0,0,0,0

[range]
code = range_C102
size = 9
data = 0,0,0,0,0,0,0,0,0
data = 0,0,0,0,0,0,0,0,0
data = 0,0,0,0,0,0,0,0,0
data = 0,1,1,1,0,1,1,1,0
data = 1,1,1,1,1,1,1,1,1
data = 0,1,1,1,0,1,1,1,0
data = 0,0,0,0,0,0,0,0,0
data = 0,0,0,0,0,0,0,0,0
data = 0,0,0,0,0,0,0,0,0

[range]
code = range_C103
size = 11
data = 0,0,0,0,0,0,0,0,0,0,0
data = 0,0,0,0,0,0,0,0,0,0,0
data = 0,0,0,0,0,0,0,0,0,0,0
data = 0,0,1,0,0,0,0,0,1,0,0
data = 0,1,1,1,1,0,1,1,1,1,0
data = 1,1,1,1,1,1,1,1,1,1,1
data = 0,1,1,1,1,0,1,1,1,1,0
data = 0,0,1,0,0,0,0,0,1,0,0
data = 0,0,0,0,0,0,0,0,0,0,0
data = 0,0,0,0,0,0,0,0,0,0,0
data = 0,0,0,0,0,0,0,0,0,0,0

[range]
code = range_C104
size = 13
data = 0,0,0,0,0,0,0,0,0,0,0,0,0
data = 0,0,0,0,0,0,0,0,0,0,0,0,0
data = 0,0,0,0,0,0,0,0,0,0,0,0,0
data = 0,0,0,0,0,0,0,0,0,0,0,0,0
data = 0,0,1,1,0,0,0,0,0,1,1,0,0
data = 0,1,1,1,1,1,0,1,1,1,1,1,0
data = 1,1,1,1,1,1,1,1,1,1,1,1,1
data = 0,1,1,1,1,1,0,1,1,1,1,1,0
data = 0,0,1,1,0,0,0,0,0,1,1,0,0
data = 0,0,0,0,0,0,0,0,0,0,0,0,0
data = 0,0,0,0,0,0,0,0,0,0,0,0,0
data = 0,0,0,0,0,0,0,0,0,0,0,0,0
data = 0,0,0,0,0,0,0,0,0,0,0,0,0

[range]
code = range_C105
size = 15
data = 0,0,0,0,0,0,0,0,0,0,0,0,0,0,0
data = 0,0,0,0,0,0,0,0,0,0,0,0,0,0,0
data = 0,0,0,0,0,0,0,0,0,0,0,0,0,0,0
data = 0,0,0,0,0,0,0,0,0,0,0,0,0,0,0
data = 0,0,0,0,0,0,0,0,0,0,0,0,0,0,0
data = 0,0,1,1,1,0,0,0,0,0,1,1,1,0,0
data = 0,1,1,1,1,1,1,0,1,1,1,1,1,1,0
data = 1,1,1,1,1,1,1,1,1,1,1,1,1,1,1
data = 0,1,1,1,1,1,1,0,1,1,1,1,1,1,0
data = 0,0,1,1,1,0,0,0,0,0,1,1,1,0,0
data = 0,0,0,0,0,0,0,0,0,0,0,0,0,0,0
data = 0,0,0,0,0,0,0,0,0,0,0,0,0,0,0
data = 0,0,0,0,0,0,0,0,0,0,0,0,0,0,0
data = 0,0,0,0,0,0,0,0,0,0,0,0,0,0,0
data = 0,0,0,0,0,0,0,0,0,0,0,0,0,0,0

[range]
code = range_C106
size = 17
data = 0,0,0,0,0,0,0,0,0,0,0,0,0,0,0,0,0
data = 0,0,0,0,0,0,0,0,0,0,0,0,0,0,0,0,0
data = 0,0,0,0,0,0,0,0,0,0,0,0,0,0,0,0,0
data = 0,0,0,0,0,0,0,0,0,0,0,0,0,0,0,0,0
data = 0,0,0,0,0,0,0,0,0,0,0,0,0,0,0,0,0
data = 0,0,0,1,0,0,0,0,0,0,0,0,0,1,0,0,0
data = 0,0,1,1,1,1,0,0,0,0,0,1,1,1,1,0,0
data = 0,1,1,1,1,1,1,1,0,1,1,1,1,1,1,1,0
data = 1,1,1,1,1,1,1,1,1,1,1,1,1,1,1,1,1
data = 0,1,1,1,1,1,1,1,0,1,1,1,1,1,1,1,0
data = 0,0,1,1,1,1,0,0,0,0,0,1,1,1,1,0,0
data = 0,0,0,1,0,0,0,0,0,0,0,0,0,1,0,0,0
data = 0,0,0,0,0,0,0,0,0,0,0,0,0,0,0,0,0
data = 0,0,0,0,0,0,0,0,0,0,0,0,0,0,0,0,0
data = 0,0,0,0,0,0,0,0,0,0,0,0,0,0,0,0,0
data = 0,0,0,0,0,0,0,0,0,0,0,0,0,0,0,0,0
data = 0,0,0,0,0,0,0,0,0,0,0,0,0,0,0,0,0

[range]
code = range_C107
size = 19
data = 0,0,0,0,0,0,0,0,0,0,0,0,0,0,0,0,0,0,0
data = 0,0,0,0,0,0,0,0,0,0,0,0,0,0,0,0,0,0,0
data = 0,0,0,0,0,0,0,0,0,0,0,0,0,0,0,0,0,0,0
data = 0,0,0,0,0,0,0,0,0,0,0,0,0,0,0,0,0,0,0
data = 0,0,0,0,0,0,0,0,0,0,0,0,0,0,0,0,0,0,0
data = 0,0,0,0,0,0,0,0,0,0,0,0,0,0,0,0,0,0,0
data = 0,0,0,1,1,0,0,0,0,0,0,0,0,0,1,1,0,0,0
data = 0,0,1,1,1,1,1,0,0,0,0,0,1,1,1,1,1,0,0
data = 0,1,1,1,1,1,1,1,1,0,1,1,1,1,1,1,1,1,0
data = 1,1,1,1,1,1,1,1,1,1,1,1,1,1,1,1,1,1,1
data = 0,1,1,1,1,1,1,1,1,0,1,1,1,1,1,1,1,1,0
data = 0,0,1,1,1,1,1,0,0,0,0,0,1,1,1,1,1,0,0
data = 0,0,0,1,1,0,0,0,0,0,0,0,0,0,1,1,0,0,0
data = 0,0,0,0,0,0,0,0,0,0,0,0,0,0,0,0,0,0,0
data = 0,0,0,0,0,0,0,0,0,0,0,0,0,0,0,0,0,0,0
data = 0,0,0,0,0,0,0,0,0,0,0,0,0,0,0,0,0,0,0
data = 0,0,0,0,0,0,0,0,0,0,0,0,0,0,0,0,0,0,0
data = 0,0,0,0,0,0,0,0,0,0,0,0,0,0,0,0,0,0,0
data = 0,0,0,0,0,0,0,0,0,0,0,0,0,0,0,0,0,0,0

[range]
code = range_C108
size = 21
data = 0,0,0,0,0,0,0,0,0,0,0,0,0,0,0,0,0,0,0,0,0
data = 0,0,0,0,0,0,0,0,0,0,0,0,0,0,0,0,0,0,0,0,0
data = 0,0,0,0,0,0,0,0,0,0,0,0,0,0,0,0,0,0,0,0,0
data = 0,0,0,0,0,0,0,0,0,0,0,0,0,0,0,0,0,0,0,0,0
data = 0,0,0,0,0,0,0,0,0,0,0,0,0,0,0,0,0,0,0,0,0
data = 0,0,0,0,0,0,0,0,0,0,0,0,0,0,0,0,0,0,0,0,0
data = 0,0,0,0,0,0,0,0,0,0,0,0,0,0,0,0,0,0,0,0,0
data = 0,0,0,1,1,1,0,0,0,0,0,0,0,0,0,1,1,1,0,0,0
data = 0,0,1,1,1,1,1,1,0,0,0,0,0,1,1,1,1,1,1,0,0
data = 0,1,1,1,1,1,1,1,1,1,0,1,1,1,1,1,1,1,1,1,0
data = 1,1,1,1,1,1,1,1,1,1,1,1,1,1,1,1,1,1,1,1,1
data = 0,1,1,1,1,1,1,1,1,1,0,1,1,1,1,1,1,1,1,1,0
data = 0,0,1,1,1,1,1,1,0,0,0,0,0,1,1,1,1,1,1,0,0
data = 0,0,0,1,1,1,0,0,0,0,0,0,0,0,0,1,1,1,0,0,0
data = 0,0,0,0,0,0,0,0,0,0,0,0,0,0,0,0,0,0,0,0,0
data = 0,0,0,0,0,0,0,0,0,0,0,0,0,0,0,0,0,0,0,0,0
data = 0,0,0,0,0,0,0,0,0,0,0,0,0,0,0,0,0,0,0,0,0
data = 0,0,0,0,0,0,0,0,0,0,0,0,0,0,0,0,0,0,0,0,0
data = 0,0,0,0,0,0,0,0,0,0,0,0,0,0,0,0,0,0,0,0,0
data = 0,0,0,0,0,0,0,0,0,0,0,0,0,0,0,0,0,0,0,0,0
data = 0,0,0,0,0,0,0,0,0,0,0,0,0,0,0,0,0,0,0,0,0

[range]
code = range_C109
size = 23
data = 0,0,0,0,0,0,0,0,0,0,0,0,0,0,0,0,0,0,0,0,0,0,0
data = 0,0,0,0,0,0,0,0,0,0,0,0,0,0,0,0,0,0,0,0,0,0,0
data = 0,0,0,0,0,0,0,0,0,0,0,0,0,0,0,0,0,0,0,0,0,0,0
data = 0,0,0,0,0,0,0,0,0,0,0,0,0,0,0,0,0,0,0,0,0,0,0
data = 0,0,0,0,0,0,0,0,0,0,0,0,0,0,0,0,0,0,0,0,0,0,0
data = 0,0,0,0,0,0,0,0,0,0,0,0,0,0,0,0,0,0,0,0,0,0,0
data = 0,0,0,0,0,0,0,0,0,0,0,0,0,0,0,0,0,0,0,0,0,0,0
data = 0,0,0,0,1,0,0,0,0,0,0,0,0,0,0,0,0,0,1,0,0,0,0
data = 0,0,0,1,1,1,1,0,0,0,0,0,0,0,0,0,1,1,1,1,0,0,0
data = 0,0,1,1,1,1,1,1,1,0,0,0,0,0,1,1,1,1,1,1,1,0,0
data = 0,1,1,1,1,1,1,1,1,1,1,0,1,1,1,1,1,1,1,1,1,1,0
data = 1,1,1,1,1,1,1,1,1,1,1,1,1,1,1,1,1,1,1,1,1,1,1
data = 0,1,1,1,1,1,1,1,1,1,1,0,1,1,1,1,1,1,1,1,1,1,0
data = 0,0,1,1,1,1,1,1,1,0,0,0,0,0,1,1,1,1,1,1,1,0,0
data = 0,0,0,1,1,1,1,0,0,0,0,0,0,0,0,0,1,1,1,1,0,0,0
data = 0,0,0,0,1,0,0,0,0,0,0,0,0,0,0,0,0,0,1,0,0,0,0
data = 0,0,0,0,0,0,0,0,0,0,0,0,0,0,0,0,0,0,0,0,0,0,0
data = 0,0,0,0,0,0,0,0,0,0,0,0,0,0,0,0,0,0,0,0,0,0,0
data = 0,0,0,0,0,0,0,0,0,0,0,0,0,0,0,0,0,0,0,0,0,0,0
data = 0,0,0,0,0,0,0,0,0,0,0,0,0,0,0,0,0,0,0,0,0,0,0
data = 0,0,0,0,0,0,0,0,0,0,0,0,0,0,0,0,0,0,0,0,0,0,0
data = 0,0,0,0,0,0,0,0,0,0,0,0,0,0,0,0,0,0,0,0,0,0,0
data = 0,0,0,0,0,0,0,0,0,0,0,0,0,0,0,0,0,0,0,0,0,0,0

[range]
code = range_C110
size = 25
data = 0,0,0,0,0,0,0,0,0,0,0,0,0,0,0,0,0,0,0,0,0,0,0,0,0
data = 0,0,0,0,0,0,0,0,0,0,0,0,0,0,0,0,0,0,0,0,0,0,0,0,0
data = 0,0,0,0,0,0,0,0,0,0,0,0,0,0,0,0,0,0,0,0,0,0,0,0,0
data = 0,0,0,0,0,0,0,0,0,0,0,0,0,0,0,0,0,0,0,0,0,0,0,0,0
data = 0,0,0,0,0,0,0,0,0,0,0,0,0,0,0,0,0,0,0,0,0,0,0,0,0
data = 0,0,0,0,0,0,0,0,0,0,0,0,0,0,0,0,0,0,0,0,0,0,0,0,0
data = 0,0,0,0,0,0,0,0,0,0,0,0,0,0,0,0,0,0,0,0,0,0,0,0,0
data = 0,0,0,0,0,0,0,0,0,0,0,0,0,0,0,0,0,0,0,0,0,0,0,0,0
data = 0,0,0,0,1,1,0,0,0,0,0,0,0,0,0,0,0,0,0,1,1,0,0,0,0
data = 0,0,0,1,1,1,1,1,0,0,0,0,0,0,0,0,0,1,1,1,1,1,0,0,0
data = 0,0,1,1,1,1,1,1,1,1,0,0,0,0,0,1,1,1,1,1,1,1,1,0,0
data = 0,1,1,1,1,1,1,1,1,1,1,1,0,1,1,1,1,1,1,1,1,1,1,1,0
data = 1,1,1,1,1,1,1,1,1,1,1,1,1,1,1,1,1,1,1,1,1,1,1,1,1
data = 0,1,1,1,1,1,1,1,1,1,1,1,0,1,1,1,1,1,1,1,1,1,1,1,0
data = 0,0,1,1,1,1,1,1,1,1,0,0,0,0,0,1,1,1,1,1,1,1,1,0,0
data = 0,0,0,1,1,1,1,1,0,0,0,0,0,0,0,0,0,1,1,1,1,1,0,0,0
data = 0,0,0,0,1,1,0,0,0,0,0,0,0,0,0,0,0,0,0,1,1,0,0,0,0
data = 0,0,0,0,0,0,0,0,0,0,0,0,0,0,0,0,0,0,0,0,0,0,0,0,0
data = 0,0,0,0,0,0,0,0,0,0,0,0,0,0,0,0,0,0,0,0,0,0,0,0,0
data = 0,0,0,0,0,0,0,0,0,0,0,0,0,0,0,0,0,0,0,0,0,0,0,0,0
data = 0,0,0,0,0,0,0,0,0,0,0,0,0,0,0,0,0,0,0,0,0,0,0,0,0
data = 0,0,0,0,0,0,0,0,0,0,0,0,0,0,0,0,0,0,0,0,0,0,0,0,0
data = 0,0,0,0,0,0,0,0,0,0,0,0,0,0,0,0,0,0,0,0,0,0,0,0,0
data = 0,0,0,0,0,0,0,0,0,0,0,0,0,0,0,0,0,0,0,0,0,0,0,0,0
data = 0,0,0,0,0,0,0,0,0,0,0,0,0,0,0,0,0,0,0,0,0,0,0,0,0

[range]
code = range_C111
size = 27
data = 0,0,0,0,0,0,0,0,0,0,0,0,0,0,0,0,0,0,0,0,0,0,0,0,0,0,0
data = 0,0,0,0,0,0,0,0,0,0,0,0,0,0,0,0,0,0,0,0,0,0,0,0,0,0,0
data = 0,0,0,0,0,0,0,0,0,0,0,0,0,0,0,0,0,0,0,0,0,0,0,0,0,0,0
data = 0,0,0,0,0,0,0,0,0,0,0,0,0,0,0,0,0,0,0,0,0,0,0,0,0,0,0
data = 0,0,0,0,0,0,0,0,0,0,0,0,0,0,0,0,0,0,0,0,0,0,0,0,0,0,0
data = 0,0,0,0,0,0,0,0,0,0,0,0,0,0,0,0,0,0,0,0,0,0,0,0,0,0,0
data = 0,0,0,0,0,0,0,0,0,0,0,0,0,0,0,0,0,0,0,0,0,0,0,0,0,0,0
data = 0,0,0,0,0,0,0,0,0,0,0,0,0,0,0,0,0,0,0,0,0,0,0,0,0,0,0
data = 0,0,0,0,0,0,0,0,0,0,0,0,0,0,0,0,0,0,0,0,0,0,0,0,0,0,0
data = 0,0,0,0,1,1,1,0,0,0,0,0,0,0,0,0,0,0,0,0,1,1,1,0,0,0,0
data = 0,0,0,1,1,1,1,1,1,0,0,0,0,0,0,0,0,0,1,1,1,1,1,1,0,0,0
data = 0,0,1,1,1,1,1,1,1,1,1,0,0,0,0,0,1,1,1,1,1,1,1,1,1,0,0
data = 0,1,1,1,1,1,1,1,1,1,1,1,1,0,1,1,1,1,1,1,1,1,1,1,1,1,0
data = 1,1,1,1,1,1,1,1,1,1,1,1,1,1,1,1,1,1,1,1,1,1,1,1,1,1,1
data = 0,1,1,1,1,1,1,1,1,1,1,1,1,0,1,1,1,1,1,1,1,1,1,1,1,1,0
data = 0,0,1,1,1,1,1,1,1,1,1,0,0,0,0,0,1,1,1,1,1,1,1,1,1,0,0
data = 0,0,0,1,1,1,1,1,1,0,0,0,0,0,0,0,0,0,1,1,1,1,1,1,0,0,0
data = 0,0,0,0,1,1,1,0,0,0,0,0,0,0,0,0,0,0,0,0,1,1,1,0,0,0,0
data = 0,0,0,0,0,0,0,0,0,0,0,0,0,0,0,0,0,0,0,0,0,0,0,0,0,0,0
data = 0,0,0,0,0,0,0,0,0,0,0,0,0,0,0,0,0,0,0,0,0,0,0,0,0,0,0
data = 0,0,0,0,0,0,0,0,0,0,0,0,0,0,0,0,0,0,0,0,0,0,0,0,0,0,0
data = 0,0,0,0,0,0,0,0,0,0,0,0,0,0,0,0,0,0,0,0,0,0,0,0,0,0,0
data = 0,0,0,0,0,0,0,0,0,0,0,0,0,0,0,0,0,0,0,0,0,0,0,0,0,0,0
data = 0,0,0,0,0,0,0,0,0,0,0,0,0,0,0,0,0,0,0,0,0,0,0,0,0,0,0
data = 0,0,0,0,0,0,0,0,0,0,0,0,0,0,0,0,0,0,0,0,0,0,0,0,0,0,0
data = 0,0,0,0,0,0,0,0,0,0,0,0,0,0,0,0,0,0,0,0,0,0,0,0,0,0,0
data = 0,0,0,0,0,0,0,0,0,0,0,0,0,0,0,0,0,0,0,0,0,0,0,0,0,0,0

[range]
code = range_C112
size = 29
data = 0,0,0,0,0,0,0,0,0,0,0,0,0,0,0,0,0,0,0,0,0,0,0,0,0,0,0,0,0
data = 0,0,0,0,0,0,0,0,0,0,0,0,0,0,0,0,0,0,0,0,0,0,0,0,0,0,0,0,0
data = 0,0,0,0,0,0,0,0,0,0,0,0,0,0,0,0,0,0,0,0,0,0,0,0,0,0,0,0,0
data = 0,0,0,0,0,0,0,0,0,0,0,0,0,0,0,0,0,0,0,0,0,0,0,0,0,0,0,0,0
data = 0,0,0,0,0,0,0,0,0,0,0,0,0,0,0,0,0,0,0,0,0,0,0,0,0,0,0,0,0
data = 0,0,0,0,0,0,0,0,0,0,0,0,0,0,0,0,0,0,0,0,0,0,0,0,0,0,0,0,0
data = 0,0,0,0,0,0,0,0,0,0,0,0,0,0,0,0,0,0,0,0,0,0,0,0,0,0,0,0,0
data = 0,0,0,0,0,0,0,0,0,0,0,0,0,0,0,0,0,0,0,0,0,0,0,0,0,0,0,0,0
data = 0,0,0,0,0,0,0,0,0,0,0,0,0,0,0,0,0,0,0,0,0,0,0,0,0,0,0,0,0
data = 0,0,0,0,0,1,0,0,0,0,0,0,0,0,0,0,0,0,0,0,0,0,0,1,0,0,0,0,0
data = 0,0,0,0,1,1,1,1,0,0,0,0,0,0,0,0,0,0,0,0,0,1,1,1,1,0,0,0,0
data = 0,0,0,1,1,1,1,1,1,1,0,0,0,0,0,0,0,0,0,1,1,1,1,1,1,1,0,0,0
data = 0,0,1,1,1,1,1,1,1,1,1,1,0,0,0,0,0,1,1,1,1,1,1,1,1,1,1,0,0
data = 0,1,1,1,1,1,1,1,1,1,1,1,1,1,0,1,1,1,1,1,1,1,1,1,1,1,1,1,0
data = 1,1,1,1,1,1,1,1,1,1,1,1,1,1,1,1,1,1,1,1,1,1,1,1,1,1,1,1,1
data = 0,1,1,1,1,1,1,1,1,1,1,1,1,1,0,1,1,1,1,1,1,1,1,1,1,1,1,1,0
data = 0,0,1,1,1,1,1,1,1,1,1,1,0,0,0,0,0,1,1,1,1,1,1,1,1,1,1,0,0
data = 0,0,0,1,1,1,1,1,1,1,0,0,0,0,0,0,0,0,0,1,1,1,1,1,1,1,0,0,0
data = 0,0,0,0,1,1,1,1,0,0,0,0,0,0,0,0,0,0,0,0,0,1,1,1,1,0,0,0,0
data = 0,0,0,0,0,1,0,0,0,0,0,0,0,0,0,0,0,0,0,0,0,0,0,1,0,0,0,0,0
data = 0,0,0,0,0,0,0,0,0,0,0,0,0,0,0,0,0,0,0,0,0,0,0,0,0,0,0,0,0
data = 0,0,0,0,0,0,0,0,0,0,0,0,0,0,0,0,0,0,0,0,0,0,0,0,0,0,0,0,0
data = 0,0,0,0,0,0,0,0,0,0,0,0,0,0,0,0,0,0,0,0,0,0,0,0,0,0,0,0,0
data = 0,0,0,0,0,0,0,0,0,0,0,0,0,0,0,0,0,0,0,0,0,0,0,0,0,0,0,0,0
data = 0,0,0,0,0,0,0,0,0,0,0,0,0,0,0,0,0,0,0,0,0,0,0,0,0,0,0,0,0
data = 0,0,0,0,0,0,0,0,0,0,0,0,0,0,0,0,0,0,0,0,0,0,0,0,0,0,0,0,0
data = 0,0,0,0,0,0,0,0,0,0,0,0,0,0,0,0,0,0,0,0,0,0,0,0,0,0,0,0,0
data = 0,0,0,0,0,0,0,0,0,0,0,0,0,0,0,0,0,0,0,0,0,0,0,0,0,0,0,0,0
data = 0,0,0,0,0,0,0,0,0,0,0,0,0,0,0,0,0,0,0,0,0,0,0,0,0,0,0,0,0

[range]
code = range_C113
size = 31
data = 0,0,0,0,0,0,0,0,0,0,0,0,0,0,0,0,0,0,0,0,0,0,0,0,0,0,0,0,0,0,0
data = 0,0,0,0,0,0,0,0,0,0,0,0,0,0,0,0,0,0,0,0,0,0,0,0,0,0,0,0,0,0,0
data = 0,0,0,0,0,0,0,0,0,0,0,0,0,0,0,0,0,0,0,0,0,0,0,0,0,0,0,0,0,0,0
data = 0,0,0,0,0,0,0,0,0,0,0,0,0,0,0,0,0,0,0,0,0,0,0,0,0,0,0,0,0,0,0
data = 0,0,0,0,0,0,0,0,0,0,0,0,0,0,0,0,0,0,0,0,0,0,0,0,0,0,0,0,0,0,0
data = 0,0,0,0,0,0,0,0,0,0,0,0,0,0,0,0,0,0,0,0,0,0,0,0,0,0,0,0,0,0,0
data = 0,0,0,0,0,0,0,0,0,0,0,0,0,0,0,0,0,0,0,0,0,0,0,0,0,0,0,0,0,0,0
data = 0,0,0,0,0,0,0,0,0,0,0,0,0,0,0,0,0,0,0,0,0,0,0,0,0,0,0,0,0,0,0
data = 0,0,0,0,0,0,0,0,0,0,0,0,0,0,0,0,0,0,0,0,0,0,0,0,0,0,0,0,0,0,0
data = 0,0,0,0,0,0,0,0,0,0,0,0,0,0,0,0,0,0,0,0,0,0,0,0,0,0,0,0,0,0,0
data = 0,0,0,0,0,1,1,0,0,0,0,0,0,0,0,0,0,0,0,0,0,0,0,0,1,1,0,0,0,0,0
data = 0,0,0,0,1,1,1,1,1,0,0,0,0,0,0,0,0,0,0,0,0,0,1,1,1,1,1,0,0,0,0
data = 0,0,0,1,1,1,1,1,1,1,1,0,0,0,0,0,0,0,0,0,1,1,1,1,1,1,1,1,0,0,0
data = 0,0,1,1,1,1,1,1,1,1,1,1,1,0,0,0,0,0,1,1,1,1,1,1,1,1,1,1,1,0,0
data = 0,1,1,1,1,1,1,1,1,1,1,1,1,1,1,0,1,1,1,1,1,1,1,1,1,1,1,1,1,1,0
data = 1,1,1,1,1,1,1,1,1,1,1,1,1,1,1,1,1,1,1,1,1,1,1,1,1,1,1,1,1,1,1
data = 0,1,1,1,1,1,1,1,1,1,1,1,1,1,1,0,1,1,1,1,1,1,1,1,1,1,1,1,1,1,0
data = 0,0,1,1,1,1,1,1,1,1,1,1,1,0,0,0,0,0,1,1,1,1,1,1,1,1,1,1,1,0,0
data = 0,0,0,1,1,1,1,1,1,1,1,0,0,0,0,0,0,0,0,0,1,1,1,1,1,1,1,1,0,0,0
data = 0,0,0,0,1,1,1,1,1,0,0,0,0,0,0,0,0,0,0,0,0,0,1,1,1,1,1,0,0,0,0
data = 0,0,0,0,0,1,1,0,0,0,0,0,0,0,0,0,0,0,0,0,0,0,0,0,1,1,0,0,0,0,0
data = 0,0,0,0,0,0,0,0,0,0,0,0,0,0,0,0,0,0,0,0,0,0,0,0,0,0,0,0,0,0,0
data = 0,0,0,0,0,0,0,0,0,0,0,0,0,0,0,0,0,0,0,0,0,0,0,0,0,0,0,0,0,0,0
data = 0,0,0,0,0,0,0,0,0,0,0,0,0,0,0,0,0,0,0,0,0,0,0,0,0,0,0,0,0,0,0
data = 0,0,0,0,0,0,0,0,0,0,0,0,0,0,0,0,0,0,0,0,0,0,0,0,0,0,0,0,0,0,0
data = 0,0,0,0,0,0,0,0,0,0,0,0,0,0,0,0,0,0,0,0,0,0,0,0,0,0,0,0,0,0,0
data = 0,0,0,0,0,0,0,0,0,0,0,0,0,0,0,0,0,0,0,0,0,0,0,0,0,0,0,0,0,0,0
data = 0,0,0,0,0,0,0,0,0,0,0,0,0,0,0,0,0,0,0,0,0,0,0,0,0,0,0,0,0,0,0
data = 0,0,0,0,0,0,0,0,0,0,0,0,0,0,0,0,0,0,0,0,0,0,0,0,0,0,0,0,0,0,0
data = 0,0,0,0,0,0,0,0,0,0,0,0,0,0,0,0,0,0,0,0,0,0,0,0,0,0,0,0,0,0,0
data = 0,0,0,0,0,0,0,0,0,0,0,0,0,0,0,0,0,0,0,0,0,0,0,0,0,0,0,0,0,0,0

[range]
code = range_C201
size = 8
data = 0,0,0,0,0,0,0,0
data = 0,0,0,0,0,0,0,0
data = 0,1,1,0,0,1,1,0
data = 1,1,1,1,1,1,1,1
data = 0,1,1,0,0,1,1,0
data = 0,0,0,0,0,0,0,0
data = 0,0,0,0,0,0,0,0
data = 0,0,0,0,0,0,0,0

[range]
code = range_C202
size = 10
data = 0,0,0,0,0,0,0,0,0,0
data = 0,0,0,0,0,0,0,0,0,0
data = 0,0,0,0,0,0,0,0,0,0
data = 0,1,1,1,0,0,1,1,1,0
data = 1,1,1,1,1,1,1,1,1,1
data = 0,1,1,1,0,0,1,1,1,0
data = 0,0,0,0,0,0,0,0,0,0
data = 0,0,0,0,0,0,0,0,0,0
data = 0,0,0,0,0,0,0,0,0,0
data = 0,0,0,0,0,0,0,0,0,0

[range]
code = range_C203
size = 12
data = 0,0,0,0,0,0,0,0,0,0,0,0
data = 0,0,0,0,0,0,0,0,0,0,0,0
data = 0,0,0,0,0,0,0,0,0,0,0,0
data = 0,0,1,0,0,0,0,0,0,1,0,0
data = 0,1,1,1,1,0,0,1,1,1,1,0
data = 1,1,1,1,1,1,1,1,1,1,1,1
data = 0,1,1,1,1,0,0,1,1,1,1,0
data = 0,0,1,0,0,0,0,0,0,1,0,0
data = 0,0,0,0,0,0,0,0,0,0,0,0
data = 0,0,0,0,0,0,0,0,0,0,0,0
data = 0,0,0,0,0,0,0,0,0,0,0,0
data = 0,0,0,0,0,0,0,0,0,0,0,0

[range]
code = range_C204
size = 14
data = 0,0,0,0,0,0,0,0,0,0,0,0,0,0
data = 0,0,0,0,0,0,0,0,0,0,0,0,0,0
data = 0,0,0,0,0,0,0,0,0,0,0,0,0,0
data = 0,0,0,0,0,0,0,0,0,0,0,0,0,0
data = 0,0,1,1,0,0,0,0,0,0,1,1,0,0
data = 0,1,1,1,1,1,0,0,1,1,1,1,1,0
data = 1,1,1,1,1,1,1,1,1,1,1,1,1,1
data = 0,1,1,1,1,1,0,0,1,1,1,1,1,0
data = 0,0,1,1,0,0,0,0,0,0,1,1,0,0
data = 0,0,0,0,0,0,0,0,0,0,0,0,0,0
data = 0,0,0,0,0,0,0,0,0,0,0,0,0,0
data = 0,0,0,0,0,0,0,0,0,0,0,0,0,0
data = 0,0,0,0,0,0,0,0,0,0,0,0,0,0
data = 0,0,0,0,0,0,0,0,0,0,0,0,0,0

[range]
code = range_C205
size = 16
data = 0,0,0,0,0,0,0,0,0,0,0,0,0,0,0,0
data = 0,0,0,0,0,0,0,0,0,0,0,0,0,0,0,0
data = 0,0,0,0,0,0,0,0,0,0,0,0,0,0,0,0
data = 0,0,0,0,0,0,0,0,0,0,0,0,0,0,0,0
data = 0,0,0,0,0,0,0,0,0,0,0,0,0,0,0,0
data = 0,0,1,1,1,0,0,0,0,0,0,1,1,1,0,0
data = 0,1,1,1,1,1,1,0,0,1,1,1,1,1,1,0
data = 1,1,1,1,1,1,1,1,1,1,1,1,1,1,1,1
data = 0,1,1,1,1,1,1,0,0,1,1,1,1,1,1,0
data = 0,0,1,1,1,0,0,0,0,0,0,1,1,1,0,0
data = 0,0,0,0,0,0,0,0,0,0,0,0,0,0,0,0
data = 0,0,0,0,0,0,0,0,0,0,0,0,0,0,0,0
data = 0,0,0,0,0,0,0,0,0,0,0,0,0,0,0,0
data = 0,0,0,0,0,0,0,0,0,0,0,0,0,0,0,0
data = 0,0,0,0,0,0,0,0,0,0,0,0,0,0,0,0
data = 0,0,0,0,0,0,0,0,0,0,0,0,0,0,0,0

[range]
code = range_C206
size = 18
data = 0,0,0,0,0,0,0,0,0,0,0,0,0,0,0,0,0,0
data = 0,0,0,0,0,0,0,0,0,0,0,0,0,0,0,0,0,0
data = 0,0,0,0,0,0,0,0,0,0,0,0,0,0,0,0,0,0
data = 0,0,0,0,0,0,0,0,0,0,0,0,0,0,0,0,0,0
data = 0,0,0,0,0,0,0,0,0,0,0,0,0,0,0,0,0,0
data = 0,0,0,1,0,0,0,0,0,0,0,0,0,0,1,0,0,0
data = 0,0,1,1,1,1,0,0,0,0,0,0,1,1,1,1,0,0
data = 0,1,1,1,1,1,1,1,0,0,1,1,1,1,1,1,1,0
data = 1,1,1,1,1,1,1,1,1,1,1,1,1,1,1,1,1,1
data = 0,1,1,1,1,1,1,1,0,0,1,1,1,1,1,1,1,0
data = 0,0,1,1,1,1,0,0,0,0,0,0,1,1,1,1,0,0
data = 0,0,0,1,0,0,0,0,0,0,0,0,0,0,1,0,0,0
data = 0,0,0,0,0,0,0,0,0,0,0,0,0,0,0,0,0,0
data = 0,0,0,0,0,0,0,0,0,0,0,0,0,0,0,0,0,0
data = 0,0,0,0,0,0,0,0,0,0,0,0,0,0,0,0,0,0
data = 0,0,0,0,0,0,0,0,0,0,0,0,0,0,0,0,0,0
data = 0,0,0,0,0,0,0,0,0,0,0,0,0,0,0,0,0,0
data = 0,0,0,0,0,0,0,0,0,0,0,0,0,0,0,0,0,0

[range]
code = range_C207
size = 20
data = 0,0,0,0,0,0,0,0,0,0,0,0,0,0,0,0,0,0,0,0
data = 0,0,0,0,0,0,0,0,0,0,0,0,0,0,0,0,0,0,0,0
data = 0,0,0,0,0,0,0,0,0,0,0,0,0,0,0,0,0,0,0,0
data = 0,0,0,0,0,0,0,0,0,0,0,0,0,0,0,0,0,0,0,0
data = 0,0,0,0,0,0,0,0,0,0,0,0,0,0,0,0,0,0,0,0
data = 0,0,0,0,0,0,0,0,0,0,0,0,0,0,0,0,0,0,0,0
data = 0,0,0,1,1,0,0,0,0,0,0,0,0,0,0,1,1,0,0,0
data = 0,0,1,1,1,1,1,0,0,0,0,0,0,1,1,1,1,1,0,0
data = 0,1,1,1,1,1,1,1,1,0,0,1,1,1,1,1,1,1,1,0
data = 1,1,1,1,1,1,1,1,1,1,1,1,1,1,1,1,1,1,1,1
data = 0,1,1,1,1,1,1,1,1,0,0,1,1,1,1,1,1,1,1,0
data = 0,0,1,1,1,1,1,0,0,0,0,0,0,1,1,1,1,1,0,0
data = 0,0,0,1,1,0,0,0,0,0,0,0,0,0,0,1,1,0,0,0
data = 0,0,0,0,0,0,0,0,0,0,0,0,0,0,0,0,0,0,0,0
data = 0,0,0,0,0,0,0,0,0,0,0,0,0,0,0,0,0,0,0,0
data = 0,0,0,0,0,0,0,0,0,0,0,0,0,0,0,0,0,0,0,0
data = 0,0,0,0,0,0,0,0,0,0,0,0,0,0,0,0,0,0,0,0
data = 0,0,0,0,0,0,0,0,0,0,0,0,0,0,0,0,0,0,0,0
data = 0,0,0,0,0,0,0,0,0,0,0,0,0,0,0,0,0,0,0,0
data = 0,0,0,0,0,0,0,0,0,0,0,0,0,0,0,0,0,0,0,0

[range]
code = range_C208
size = 22
data = 0,0,0,0,0,0,0,0,0,0,0,0,0,0,0,0,0,0,0,0,0,0
data = 0,0,0,0,0,0,0,0,0,0,0,0,0,0,0,0,0,0,0,0,0,0
data = 0,0,0,0,0,0,0,0,0,0,0,0,0,0,0,0,0,0,0,0,0,0
data = 0,0,0,0,0,0,0,0,0,0,0,0,0,0,0,0,0,0,0,0,0,0
data = 0,0,0,0,0,0,0,0,0,0,0,0,0,0,0,0,0,0,0,0,0,0
data = 0,0,0,0,0,0,0,0,0,0,0,0,0,0,0,0,0,0,0,0,0,0
data = 0,0,0,0,0,0,0,0,0,0,0,0,0,0,0,0,0,0,0,0,0,0
data = 0,0,0,1,1,1,0,0,0,0,0,0,0,0,0,0,1,1,1,0,0,0
data = 0,0,1,1,1,1,1,1,0,0,0,0,0,0,1,1,1,1,1,1,0,0
data = 0,1,1,1,1,1,1,1,1,1,0,0,1,1,1,1,1,1,1,1,1,0
data = 1,1,1,1,1,1,1,1,1,1,1,1,1,1,1,1,1,1,1,1,1,1
data = 0,1,1,1,1,1,1,1,1,1,0,0,1,1,1,1,1,1,1,1,1,0
data = 0,0,1,1,1,1,1,1,0,0,0,0,0,0,1,1,1,1,1,1,0,0
data = 0,0,0,1,1,1,0,0,0,0,0,0,0,0,0,0,1,1,1,0,0,0
data = 0,0,0,0,0,0,0,0,0,0,0,0,0,0,0,0,0,0,0,0,0,0
data = 0,0,0,0,0,0,0,0,0,0,0,0,0,0,0,0,0,0,0,0,0,0
data = 0,0,0,0,0,0,0,0,0,0,0,0,0,0,0,0,0,0,0,0,0,0
data = 0,0,0,0,0,0,0,0,0,0,0,0,0,0,0,0,0,0,0,0,0,0
data = 0,0,0,0,0,0,0,0,0,0,0,0,0,0,0,0,0,0,0,0,0,0
data = 0,0,0,0,0,0,0,0,0,0,0,0,0,0,0,0,0,0,0,0,0,0
data = 0,0,0,0,0,0,0,0,0,0,0,0,0,0,0,0,0,0,0,0,0,0
data = 0,0,0,0,0,0,0,0,0,0,0,0,0,0,0,0,0,0,0,0,0,0

[range]
code = range_C209
size = 24
data = 0,0,0,0,0,0,0,0,0,0,0,0,0,0,0,0,0,0,0,0,0,0,0,0
data = 0,0,0,0,0,0,0,0,0,0,0,0,0,0,0,0,0,0,0,0,0,0,0,0
data = 0,0,0,0,0,0,0,0,0,0,0,0,0,0,0,0,0,0,0,0,0,0,0,0
data = 0,0,0,0,0,0,0,0,0,0,0,0,0,0,0,0,0,0,0,0,0,0,0,0
data = 0,0,0,0,0,0,0,0,0,0,0,0,0,0,0,0,0,0,0,0,0,0,0,0
data = 0,0,0,0,0,0,0,0,0,0,0,0,0,0,0,0,0,0,0,0,0,0,0,0
data = 0,0,0,0,0,0,0,0,0,0,0,0,0,0,0,0,0,0,0,0,0,0,0,0
data = 0,0,0,0,1,0,0,0,0,0,0,0,0,0,0,0,0,0,0,1,0,0,0,0
data = 0,0,0,1,1,1,1,0,0,0,0,0,0,0,0,0,0,1,1,1,1,0,0,0
data = 0,0,1,1,1,1,1,1,1,0,0,0,0,0,0,1,1,1,1,1,1,1,0,0
data = 0,1,1,1,1,1,1,1,1,1,1,0,0,1,1,1,1,1,1,1,1,1,1,0
data = 1,1,1,1,1,1,1,1,1,1,1,1,1,1,1,1,1,1,1,1,1,1,1,1
data = 0,1,1,1,1,1,1,1,1,1,1,0,0,1,1,1,1,1,1,1,1,1,1,0
data = 0,0,1,1,1,1,1,1,1,0,0,0,0,0,0,1,1,1,1,1,1,1,0,0
data = 0,0,0,1,1,1,1,0,0,0,0,0,0,0,0,0,0,1,1,1,1,0,0,0
data = 0,0,0,0,1,0,0,0,0,0,0,0,0,0,0,0,0,0,0,1,0,0,0,0
data = 0,0,0,0,0,0,0,0,0,0,0,0,0,0,0,0,0,0,0,0,0,0,0,0
data = 0,0,0,0,0,0,0,0,0,0,0,0,0,0,0,0,0,0,0,0,0,0,0,0
data = 0,0,0,0,0,0,0,0,0,0,0,0,0,0,0,0,0,0,0,0,0,0,0,0
data = 0,0,0,0,0,0,0,0,0,0,0,0,0,0,0,0,0,0,0,0,0,0,0,0
data = 0,0,0,0,0,0,0,0,0,0,0,0,0,0,0,0,0,0,0,0,0,0,0,0
data = 0,0,0,0,0,0,0,0,0,0,0,0,0,0,0,0,0,0,0,0,0,0,0,0
data = 0,0,0,0,0,0,0,0,0,0,0,0,0,0,0,0,0,0,0,0,0,0,0,0
data = 0,0,0,0,0,0,0,0,0,0,0,0,0,0,0,0,0,0,0,0,0,0,0,0

[range]
code = range_C210
size = 26
data = 0,0,0,0,0,0,0,0,0,0,0,0,0,0,0,0,0,0,0,0,0,0,0,0,0,0
data = 0,0,0,0,0,0,0,0,0,0,0,0,0,0,0,0,0,0,0,0,0,0,0,0,0,0
data = 0,0,0,0,0,0,0,0,0,0,0,0,0,0,0,0,0,0,0,0,0,0,0,0,0,0
data = 0,0,0,0,0,0,0,0,0,0,0,0,0,0,0,0,0,0,0,0,0,0,0,0,0,0
data = 0,0,0,0,0,0,0,0,0,0,0,0,0,0,0,0,0,0,0,0,0,0,0,0,0,0
data = 0,0,0,0,0,0,0,0,0,0,0,0,0,0,0,0,0,0,0,0,0,0,0,0,0,0
data = 0,0,0,0,0,0,0,0,0,0,0,0,0,0,0,0,0,0,0,0,0,0,0,0,0,0
data = 0,0,0,0,0,0,0,0,0,0,0,0,0,0,0,0,0,0,0,0,0,0,0,0,0,0
data = 0,0,0,0,1,1,0,0,0,0,0,0,0,0,0,0,0,0,0,0,1,1,0,0,0,0
data = 0,0,0,1,1,1,1,1,0,0,0,0,0,0,0,0,0,0,1,1,1,1,1,0,0,0
data = 0,0,1,1,1,1,1,1,1,1,0,0,0,0,0,0,1,1,1,1,1,1,1,1,0,0
data = 0,1,1,1,1,1,1,1,1,1,1,1,0,0,1,1,1,1,1,1,1,1,1,1,1,0
data = 1,1,1,1,1,1,1,1,1,1,1,1,1,1,1,1,1,1,1,1,1,1,1,1,1,1
data = 0,1,1,1,1,1,1,1,1,1,1,1,0,0,1,1,1,1,1,1,1,1,1,1,1,0
data = 0,0,1,1,1,1,1,1,1,1,0,0,0,0,0,0,1,1,1,1,1,1,1,1,0,0
data = 0,0,0,1,1,1,1,1,0,0,0,0,0,0,0,0,0,0,1,1,1,1,1,0,0,0
data = 0,0,0,0,1,1,0,0,0,0,0,0,0,0,0,0,0,0,0,0,1,1,0,0,0,0
data = 0,0,0,0,0,0,0,0,0,0,0,0,0,0,0,0,0,0,0,0,0,0,0,0,0,0
data = 0,0,0,0,0,0,0,0,0,0,0,0,0,0,0,0,0,0,0,0,0,0,0,0,0,0
data = 0,0,0,0,0,0,0,0,0,0,0,0,0,0,0,0,0,0,0,0,0,0,0,0,0,0
data = 0,0,0,0,0,0,0,0,0,0,0,0,0,0,0,0,0,0,0,0,0,0,0,0,0,0
data = 0,0,0,0,0,0,0,0,0,0,0,0,0,0,0,0,0,0,0,0,0,0,0,0,0,0
data = 0,0,0,0,0,0,0,0,0,0,0,0,0,0,0,0,0,0,0,0,0,0,0,0,0,0
data = 0,0,0,0,0,0,0,0,0,0,0,0,0,0,0,0,0,0,0,0,0,0,0,0,0,0
data = 0,0,0,0,0,0,0,0,0,0,0,0,0,0,0,0,0,0,0,0,0,0,0,0,0,0
data = 0,0,0,0,0,0,0,0,0,0,0,0,0,0,0,0,0,0,0,0,0,0,0,0,0,0

[range]
code = range_C211
size = 28
data = 0,0,0,0,0,0,0,0,0,0,0,0,0,0,0,0,0,0,0,0,0,0,0,0,0,0,0,0
data = 0,0,0,0,0,0,0,0,0,0,0,0,0,0,0,0,0,0,0,0,0,0,0,0,0,0,0,0
data = 0,0,0,0,0,0,0,0,0,0,0,0,0,0,0,0,0,0,0,0,0,0,0,0,0,0,0,0
data = 0,0,0,0,0,0,0,0,0,0,0,0,0,0,0,0,0,0,0,0,0,0,0,0,0,0,0,0
data = 0,0,0,0,0,0,0,0,0,0,0,0,0,0,0,0,0,0,0,0,0,0,0,0,0,0,0,0
data = 0,0,0,0,0,0,0,0,0,0,0,0,0,0,0,0,0,0,0,0,0,0,0,0,0,0,0,0
data = 0,0,0,0,0,0,0,0,0,0,0,0,0,0,0,0,0,0,0,0,0,0,0,0,0,0,0,0
data = 0,0,0,0,0,0,0,0,0,0,0,0,0,0,0,0,0,0,0,0,0,0,0,0,0,0,0,0
data = 0,0,0,0,0,0,0,0,0,0,0,0,0,0,0,0,0,0,0,0,0,0,0,0,0,0,0,0
data = 0,0,0,0,1,1,1,0,0,0,0,0,0,0,0,0,0,0,0,0,0,1,1,1,0,0,0,0
data = 0,0,0,1,1,1,1,1,1,0,0,0,0,0,0,0,0,0,0,1,1,1,1,1,1,0,0,0
data = 0,0,1,1,1,1,1,1,1,1,1,0,0,0,0,0,0,1,1,1,1,1,1,1,1,1,0,0
data = 0,1,1,1,1,1,1,1,1,1,1,1,1,0,0,1,1,1,1,1,1,1,1,1,1,1,1,0
data = 1,1,1,1,1,1,1,1,1,1,1,1,1,1,1,1,1,1,1,1,1,1,1,1,1,1,1,1
data = 0,1,1,1,1,1,1,1,1,1,1,1,1,0,0,1,1,1,1,1,1,1,1,1,1,1,1,0
data = 0,0,1,1,1,1,1,1,1,1,1,0,0,0,0,0,0,1,1,1,1,1,1,1,1,1,0,0
data = 0,0,0,1,1,1,1,1,1,0,0,0,0,0,0,0,0,0,0,1,1,1,1,1,1,0,0,0
data = 0,0,0,0,1,1,1,0,0,0,0,0,0,0,0,0,0,0,0,0,0,1,1,1,0,0,0,0
data = 0,0,0,0,0,0,0,0,0,0,0,0,0,0,0,0,0,0,0,0,0,0,0,0,0,0,0,0
data = 0,0,0,0,0,0,0,0,0,0,0,0,0,0,0,0,0,0,0,0,0,0,0,0,0,0,0,0
data = 0,0,0,0,0,0,0,0,0,0,0,0,0,0,0,0,0,0,0,0,0,0,0,0,0,0,0,0
data = 0,0,0,0,0,0,0,0,0,0,0,0,0,0,0,0,0,0,0,0,0,0,0,0,0,0,0,0
data = 0,0,0,0,0,0,0,0,0,0,0,0,0,0,0,0,0,0,0,0,0,0,0,0,0,0,0,0
data = 0,0,0,0,0,0,0,0,0,0,0,0,0,0,0,0,0,0,0,0,0,0,0,0,0,0,0,0
data = 0,0,0,0,0,0,0,0,0,0,0,0,0,0,0,0,0,0,0,0,0,0,0,0,0,0,0,0
data = 0,0,0,0,0,0,0,0,0,0,0,0,0,0,0,0,0,0,0,0,0,0,0,0,0,0,0,0
data = 0,0,0,0,0,0,0,0,0,0,0,0,0,0,0,0,0,0,0,0,0,0,0,0,0,0,0,0
data = 0,0,0,0,0,0,0,0,0,0,0,0,0,0,0,0,0,0,0,0,0,0,0,0,0,0,0,0

[range]
code = range_C212
size = 30
data = 0,0,0,0,0,0,0,0,0,0,0,0,0,0,0,0,0,0,0,0,0,0,0,0,0,0,0,0,0,0
data = 0,0,0,0,0,0,0,0,0,0,0,0,0,0,0,0,0,0,0,0,0,0,0,0,0,0,0,0,0,0
data = 0,0,0,0,0,0,0,0,0,0,0,0,0,0,0,0,0,0,0,0,0,0,0,0,0,0,0,0,0,0
data = 0,0,0,0,0,0,0,0,0,0,0,0,0,0,0,0,0,0,0,0,0,0,0,0,0,0,0,0,0,0
data = 0,0,0,0,0,0,0,0,0,0,0,0,0,0,0,0,0,0,0,0,0,0,0,0,0,0,0,0,0,0
data = 0,0,0,0,0,0,0,0,0,0,0,0,0,0,0,0,0,0,0,0,0,0,0,0,0,0,0,0,0,0
data = 0,0,0,0,0,0,0,0,0,0,0,0,0,0,0,0,0,0,0,0,0,0,0,0,0,0,0,0,0,0
data = 0,0,0,0,0,0,0,0,0,0,0,0,0,0,0,0,0,0,0,0,0,0,0,0,0,0,0,0,0,0
data = 0,0,0,0,0,0,0,0,0,0,0,0,0,0,0,0,0,0,0,0,0,0,0,0,0,0,0,0,0,0
data = 0,0,0,0,0,1,0,0,0,0,0,0,0,0,0,0,0,0,0,0,0,0,0,0,1,0,0,0,0,0
data = 0,0,0,0,1,1,1,1,0,0,0,0,0,0,0,0,0,0,0,0,0,0,1,1,1,1,0,0,0,0
data = 0,0,0,1,1,1,1,1,1,1,0,0,0,0,0,0,0,0,0,0,1,1,1,1,1,1,1,0,0,0
data = 0,0,1,1,1,1,1,1,1,1,1,1,0,0,0,0,0,0,1,1,1,1,1,1,1,1,1,1,0,0
data = 0,1,1,1,1,1,1,1,1,1,1,1,1,1,0,0,1,1,1,1,1,1,1,1,1,1,1,1,1,0
data = 1,1,1,1,1,1,1,1,1,1,1,1,1,1,1,1,1,1,1,1,1,1,1,1,1,1,1,1,1,1
data = 0,1,1,1,1,1,1,1,1,1,1,1,1,1,0,0,1,1,1,1,1,1,1,1,1,1,1,1,1,0
data = 0,0,1,1,1,1,1,1,1,1,1,1,0,0,0,0,0,0,1,1,1,1,1,1,1,1,1,1,0,0
data = 0,0,0,1,1,1,1,1,1,1,0,0,0,0,0,0,0,0,0,0,1,1,1,1,1,1,1,0,0,0
data = 0,0,0,0,1,1,1,1,0,0,0,0,0,0,0,0,0,0,0,0,0,0,1,1,1,1,0,0,0,0
data = 0,0,0,0,0,1,0,0,0,0,0,0,0,0,0,0,0,0,0,0,0,0,0,0,1,0,0,0,0,0
data = 0,0,0,0,0,0,0,0,0,0,0,0,0,0,0,0,0,0,0,0,0,0,0,0,0,0,0,0,0,0
data = 0,0,0,0,0,0,0,0,0,0,0,0,0,0,0,0,0,0,0,0,0,0,0,0,0,0,0,0,0,0
data = 0,0,0,0,0,0,0,0,0,0,0,0,0,0,0,0,0,0,0,0,0,0,0,0,0,0,0,0,0,0
data = 0,0,0,0,0,0,0,0,0,0,0,0,0,0,0,0,0,0,0,0,0,0,0,0,0,0,0,0,0,0
data = 0,0,0,0,0,0,0,0,0,0,0,0,0,0,0,0,0,0,0,0,0,0,0,0,0,0,0,0,0,0
data = 0,0,0,0,0,0,0,0,0,0,0,0,0,0,0,0,0,0,0,0,0,0,0,0,0,0,0,0,0,0
data = 0,0,0,0,0,0,0,0,0,0,0,0,0,0,0,0,0,0,0,0,0,0,0,0,0,0,0,0,0,0
data = 0,0,0,0,0,0,0,0,0,0,0,0,0,0,0,0,0,0,0,0,0,0,0,0,0,0,0,0,0,0
data = 0,0,0,0,0,0,0,0,0,0,0,0,0,0,0,0,0,0,0,0,0,0,0,0,0,0,0,0,0,0
data = 0,0,0,0,0,0,0,0,0,0,0,0,0,0,0,0,0,0,0,0,0,0,0,0,0,0,0,0,0,0

[range]
code = range_C213
size = 32
data = 0,0,0,0,0,0,0,0,0,0,0,0,0,0,0,0,0,0,0,0,0,0,0,0,0,0,0,0,0,0,0,0
data = 0,0,0,0,0,0,0,0,0,0,0,0,0,0,0,0,0,0,0,0,0,0,0,0,0,0,0,0,0,0,0,0
data = 0,0,0,0,0,0,0,0,0,0,0,0,0,0,0,0,0,0,0,0,0,0,0,0,0,0,0,0,0,0,0,0
data = 0,0,0,0,0,0,0,0,0,0,0,0,0,0,0,0,0,0,0,0,0,0,0,0,0,0,0,0,0,0,0,0
data = 0,0,0,0,0,0,0,0,0,0,0,0,0,0,0,0,0,0,0,0,0,0,0,0,0,0,0,0,0,0,0,0
data = 0,0,0,0,0,0,0,0,0,0,0,0,0,0,0,0,0,0,0,0,0,0,0,0,0,0,0,0,0,0,0,0
data = 0,0,0,0,0,0,0,0,0,0,0,0,0,0,0,0,0,0,0,0,0,0,0,0,0,0,0,0,0,0,0,0
data = 0,0,0,0,0,0,0,0,0,0,0,0,0,0,0,0,0,0,0,0,0,0,0,0,0,0,0,0,0,0,0,0
data = 0,0,0,0,0,0,0,0,0,0,0,0,0,0,0,0,0,0,0,0,0,0,0,0,0,0,0,0,0,0,0,0
data = 0,0,0,0,0,0,0,0,0,0,0,0,0,0,0,0,0,0,0,0,0,0,0,0,0,0,0,0,0,0,0,0
data = 0,0,0,0,0,1,1,0,0,0,0,0,0,0,0,0,0,0,0,0,0,0,0,0,0,1,1,0,0,0,0,0
data = 0,0,0,0,1,1,1,1,1,0,0,0,0,0,0,0,0,0,0,0,0,0,0,1,1,1,1,1,0,0,0,0
data = 0,0,0,1,1,1,1,1,1,1,1,0,0,0,0,0,0,0,0,0,0,1,1,1,1,1,1,1,1,0,0,0
data = 0,0,1,1,1,1,1,1,1,1,1,1,1,0,0,0,0,0,0,1,1,1,1,1,1,1,1,1,1,1,0,0
data = 0,1,1,1,1,1,1,1,1,1,1,1,1,1,1,0,0,1,1,1,1,1,1,1,1,1,1,1,1,1,1,0
data = 1,1,1,1,1,1,1,1,1,1,1,1,1,1,1,1,1,1,1,1,1,1,1,1,1,1,1,1,1,1,1,1
data = 0,1,1,1,1,1,1,1,1,1,1,1,1,1,1,0,0,1,1,1,1,1,1,1,1,1,1,1,1,1,1,0
data = 0,0,1,1,1,1,1,1,1,1,1,1,1,0,0,0,0,0,0,1,1,1,1,1,1,1,1,1,1,1,0,0
data = 0,0,0,1,1,1,1,1,1,1,1,0,0,0,0,0,0,0,0,0,0,1,1,1,1,1,1,1,1,0,0,0
data = 0,0,0,0,1,1,1,1,1,0,0,0,0,0,0,0,0,0,0,0,0,0,0,1,1,1,1,1,0,0,0,0
data = 0,0,0,0,0,1,1,0,0,0,0,0,0,0,0,0,0,0,0,0,0,0,0,0,0,1,1,0,0,0,0,0
data = 0,0,0,0,0,0,0,0,0,0,0,0,0,0,0,0,0,0,0,0,0,0,0,0,0,0,0,0,0,0,0,0
data = 0,0,0,0,0,0,0,0,0,0,0,0,0,0,0,0,0,0,0,0,0,0,0,0,0,0,0,0,0,0,0,0
data = 0,0,0,0,0,0,0,0,0,0,0,0,0,0,0,0,0,0,0,0,0,0,0,0,0,0,0,0,0,0,0,0
data = 0,0,0,0,0,0,0,0,0,0,0,0,0,0,0,0,0,0,0,0,0,0,0,0,0,0,0,0,0,0,0,0
data = 0,0,0,0,0,0,0,0,0,0,0,0,0,0,0,0,0,0,0,0,0,0,0,0,0,0,0,0,0,0,0,0
data = 0,0,0,0,0,0,0,0,0,0,0,0,0,0,0,0,0,0,0,0,0,0,0,0,0,0,0,0,0,0,0,0
data = 0,0,0,0,0,0,0,0,0,0,0,0,0,0,0,0,0,0,0,0,0,0,0,0,0,0,0,0,0,0,0,0
data = 0,0,0,0,0,0,0,0,0,0,0,0,0,0,0,0,0,0,0,0,0,0,0,0,0,0,0,0,0,0,0,0
data = 0,0,0,0,0,0,0,0,0,0,0,0,0,0,0,0,0,0,0,0,0,0,0,0,0,0,0,0,0,0,0,0
data = 0,0,0,0,0,0,0,0,0,0,0,0,0,0,0,0,0,0,0,0,0,0,0,0,0,0,0,0,0,0,0,0
data = 0,0,0,0,0,0,0,0,0,0,0,0,0,0,0,0,0,0,0,0,0,0,0,0,0,0,0,0,0,0,0,0

